12
2
3
3
6
3
6
22
3
4
3
1
2
4
5
4
13
32
8
10
34
5
1
128
12
6
10
2
6
2
10
3
2
8
2
60
802
5
4
2
46
4141
3
5
8
28
3
5
27
1
222
222
4141
743
151
418
3958
2
353
11
1
2
4
6
2
14
11
4
12
2
1
2
5
5
11
42
4
9
5
3
9
3
21
8
6
10
1
3
1
34
3
2
9
3
255
1039
4
5
3
15
3958
2
7
5
21
1
3
39
4
4
3
8
1
18
9
6
12
2
3
3
6
3
6
22
3
4
3
1
2
4
5
4
13
32
8
10
34
5
1
128
12
6
10
2
6
2
10
3
2
8
2
60
802
5
4
2
46
4141
3
5
8
28
3
5
27
1
11
1
2
4
6
2
14
11
4
12
2
1
2
5
5
11
42
4
9
5
3
9
3
21
8
6
10
1
3
1
34
3
2
9
3
255
1039
4
5
3
15
3958
2
7
5
21
1
3
39
4
22
3
3
6
8
2
29
39
1
4
4
1
2
6
9
3
25
12
8
10
24
7
1
44
15
4
7
3
4
2
26
1
2
10
2
255
656
10
5
2
30
11268
4
11
5
30
3
2
24
1
12
22
3
3
6
8
2
29
39
1
4
4
1
2
6
9
3
25
12
8
10
24
7
1
44
15
4
7
3
4
2
26
1
2
10
2
255
656
10
5
2
30
11268
4
11
5
30
3
2
24
1
12
2
3
3
6
3
6
22
3
4
3
1
2
4
5
4
13
32
8
10
34
5
1
128
12
6
10
2
6
2
10
3
2
8
2
60
802
5
4
2
46
4141
3
5
8
28
3
5
27
1
22
3
3
6
8
2
29
39
1
4
4
1
2
6
9
3
25
12
8
10
24
7
1
44
15
4
7
3
4
2
26
1
2
10
2
255
656
10
5
2
30
11268
4
11
5
30
3
2
24
1
11
1
2
4
6
2
14
11
4
12
2
1
2
5
5
11
42
4
9
5
3
9
3
21
8
6
10
1
3
1
34
3
2
9
3
255
1039
4
5
3
15
3958
2
7
5
21
1
3
39
4
12
2
3
3
6
3
6
22
3
4
3
1
2
4
5
4
13
32
8
10
34
5
1
128
12
6
10
2
6
2
10
3
2
8
2
60
802
5
4
2
46
4141
3
5
8
28
3
5
27
1
7
22
3
3
6
8
2
29
39
1
4
4
1
2
6
9
3
25
12
8
10
24
7
1
44
15
4
7
3
4
2
26
1
2
10
2
255
656
10
5
2
30
11268
4
11
5
30
3
2
24
1
12
2
3
3
6
3
6
22
3
4
3
1
2
4
5
4
13
32
8
10
34
5
1
128
12
6
10
2
6
2
10
3
2
8
2
60
802
5
4
2
46
4141
3
5
8
28
3
5
27
1
11
1
2
4
6
2
14
11
4
12
2
1
2
5
5
11
42
4
9
5
3
9
3
21
8
6
10
1
3
1
34
3
2
9
3
255
1039
4
5
3
15
3958
2
7
5
21
1
3
39
4
9
15
1
1
2
2
11
43
252
252
22
3187
14
6
8
8
8
8
6
6
7
7
7
5
3
11
1
2
4
6
2
14
11
4
12
2
1
2
5
5
11
42
4
9
5
3
9
3
21
8
6
10
1
3
1
34
3
2
9
3
255
1039
4
5
3
15
3958
2
7
5
21
1
3
39
4
10
3
3
3
6
3
9
34
2
4
4
1
3
6
5
4
45
33
6
16
8
6
1
155
10
6
9
2
5
2
6
1
2
7
2
161
194
9
4
1
29
7977
3
7
7
39
3
3
31
1
11
1
2
4
6
2
14
11
4
12
2
1
2
5
5
11
42
4
9
5
3
9
3
21
8
6
10
1
3
1
34
3
2
9
3
255
1039
4
5
3
15
3958
2
7
5
21
1
3
39
4
11
1
2
4
6
2
14
11
4
12
2
1
2
5
5
11
42
4
9
5
3
9
3
21
8
6
10
1
3
1
34
3
2
9
3
255
1039
4
5
3
15
3958
2
7
5
21
1
3
39
4
11
1
2
4
6
2
14
11
4
12
2
1
2
5
5
11
42
4
9
5
3
9
3
21
8
6
10
1
3
1
34
3
2
9
3
255
1039
4
5
3
15
3958
2
7
5
21
1
3
39
4
22
3
3
6
8
2
29
39
1
4
4
1
2
6
9
3
25
12
8
10
24
7
1
44
15
4
7
3
4
2
26
1
2
10
2
255
656
10
5
2
30
11268
4
11
5
30
3
2
24
1
22
3
3
6
8
2
29
39
1
4
4
1
2
6
9
3
25
12
8
10
24
7
1
44
15
4
7
3
4
2
26
1
2
10
2
255
656
10
5
2
30
11268
4
11
5
30
3
2
24
1
22
3
3
6
8
2
29
39
1
4
4
1
2
6
9
3
25
12
8
10
24
7
1
44
15
4
7
3
4
2
26
1
2
10
2
255
656
10
5
2
30
11
1
2
4
6
2
14
11
4
12
2
1
2
5
5
11
42
4
9
5
3
9
3
21
8
6
10
1
3
1
34
3
2
9
3
255
1039
4
5
3
15
3958
2
7
5
21
1
3
39
4
10
3
3
3
6
3
9
34
2
4
4
1
3
6
5
4
45
33
6
16
8
6
1
155
10
6
9
2
5
2
6
1
2
7
2
161
194
9
4
1
29
7977
3
7
7
39
3
3
31
1
11
1
2
4
6
2
14
11
4
12
2
1
2
5
5
11
42
4
9
5
3
9
3
21
8
6
10
1
3
1
34
3
2
9
3
255
1039
4
5
3
15
3958
2
7
5
21
1
3
39
4
10
3
3
3
6
3
9
34
2
4
4
1
3
6
5
4
45
33
6
16
8
6
1
155
10
6
9
2
5
2
6
1
2
7
2
161
194
9
4
1
29
7977
3
7
7
39
3
3
31
1
22
3
3
6
8
2
29
39
1
4
4
1
2
6
9
3
25
12
8
10
24
7
1
44
15
4
7
3
4
2
26
1
2
10
2
255
656
10
5
2
30
11268
4
11
5
30
3
2
24
1
171
1
2
3
6
2
1
10
9
7
5
1
2536
2
2
3
3
3
1
1
76
1
1
1
1
1
1
1
1
1
1
1
1
1
1
1
1
1
1
1
1
1
1
1
1
1
1
1
1
1
1
1
1
1
1
1
1
1
1
1
1
1
1
1
1
1
1
1
1
1
1
1
1
1
1
1
1
1
1
1
1
1
1
1
1
1
1
1
1
1
1
1
1
1
1
1
1
1
1
1
1
1
1
1
1
1
1
1
1
1
1
1
1
1
1
1
1
1
1
1
1
1
1
1
1
1
1
1
1
1
1
1
1
1
1
1
1
1
1
1
1
1
1
1
1
1
1
1
1
1
1
1
1
1
1
1
1
1
1
1
1
1
1
1
1
1
1
1
1
1
1
1
1
1
1
1
1
1
1
1
1
1
1
1
1
1
1
1
1
1
1
1
1
1
1
1
1
1
1
1
1
1
1
1
1
1
1
1
1
1
1
1
1
1
1
1
1
1
1
1
1
1
1
1
1
1
1
1
1
1
1
1
1
1
1
1
1
1
1
1
1
1
1
2
888
28347
16
14
11
10
2
2
6
5
9
9
3
4
2
1
5
4
1
1
2
2
1
3
2
2
2
2
2
3
1
1
1
1
1
1
1
1
1
1
1
1
1
1
1
1
1
1
2
1
1
2
1
1
2
1
2
1
2
1
2
3
6
4
2
1
2
2
1
2
2
2
4
4
1
1
2
1
1
1
1
1
1
1
1
1
1
1
1
2
2
2
1
2
1
1
2
2
2
1
1
1
5
6
5
5
4
3
1
1
6
7
1
1
11
11
1
2
10
5
2
3
8
8
2
3
6
3
2
2
1
1
1
2
2
4
3
4
1
2
1
1
2
2
1
1
1
1
12
12
1
2
4
4
2
3
1
1
2
2
2
2
4
5
3
3
6
6
2
2
3
2
8
5
3
3
2
5
5
8
1
1
1
2
3
1
2
4
31
67
2
2
2
7
4
5
1
3
9
14
1
1
5
5
2
2
5
6
2
2
1
1
3
2
100544
4
2
5
5
8
14
97
57
21
6
1
2
4
1
4
7
2
4
7
34
479
603
2
4
5
7
16
9
1
4
431
570
22
11
3
1
3
2
6
4
8
6
2
2
29
14
39
11
1
4
4
12
4
2
1
1
2
2
6
5
9
5
3
11
25
42
12
4
8
9
10
5
24
3
7
9
1
3
44
21
15
8
4
6
7
10
3
1
4
3
2
1
26
34
1
3
2
2
10
9
2
3
255
255
656
1039
10
4
5
5
2
3
30
15
11268
3958
4
2
11
7
5
5
30
21
3
1
2
3
24
39
1
4
5
3
8
3
5
5
7
6
3
4
18
12
39
33
6
8
10
4
3
3
64
55
3
3
12
10
66
52
61
65
41
29
2
1
252
51
9
4
6
7
6
8
8
7
5
3
7
3
1
3
18
48
5
2
5
2
7
9
3
1
2
4
17
16
1012
12
9
3
4
9
9
1
3
257
48
6
5
5
5
15
11
204
202
6
6
11
12
4
1
71
59
23
19
9
18
4
4
5
6
3
3
17
12
1
1
68
55
10
9
164
7
7
4
4
35
58
4
3
3
3
28
30
1
2
17
17
3
2
3
3
16
6
573
278
18
15
5
4
8
14
1443
2048
2
2
14
7
126
188
2
3
4
3
11
6
9
4
40
17
12
22
910
921
8
6
6
8
9
21
2
1
19
9
24
45
65
39
4
2
2
5
2
1
5
4
21
21
5
5
7
4
2
5
163
35
2
4
35
44
9
7
19
17
6
5
29
29
3
2
5
2
31
39
2
2
58
63
4
3
19
16
10
10
4
3
40
17
25
6
4
3
3
3
21
26
11
9
2
8
25
24
15
7
12
83
6
5
24
20
3
5
20
21
3
3
7
4
28
50
4
9
9
8
231
231
4
7
11
12
3
2
4
4
2
2
10
10
28
6
7
4
21
18
35
13
3
4
18
10
213
93
2
3
2
2
3
2
10
13
1
1
368
366
7
6
1292
7
12
2
1
10
10
2
3
3
3
62
30
7
11
3
1
11
10
1166
9
10
5
24
2
2
3
2
2
4
6
2
5
11
24
9
3
2
7
7
1
1
4
5
2
2
2
1
19
5
1
2
8
6
3
4
107
72
1
5
12
5
7
2
1
2
21
134
7
13
4
4
5
4
10
22
4
2
7
4
4
5
14
22
4
3
3
3
10
19
4
6
53
33
1
1
98
54
8
11
20
14
5
10
18
9
89
3
2
2
17
12
4
4
2
2
3
3
3
3
61
19
5
7
10
13
3
3
1
4
2
6
7
8
13
5
3
1
2
2
3
3
9
23
6
6
7
8
8
15
1
2
2
4
10
19
3
9
3
1
11
7
9
7
2
1
7
19
185
7681
4
2
5
5
73
153
4
4
3
3
19
42
3
3
2
2
2
1
3
1
1
4
2
4
6
5
4
4
3
6
15
29
3
5
6
7
4
8
3
7
4
3
13
17
6
13
2
4
25
16
7
18
3
5
2
3
30
18
2
2
3
2
5
5
18
87
30
46
3
3
7
3
35
27
5
3
6
4
3
2
4
20
5
5
1
5
13
7
20
9
8
7
1
1
3
35
432
120
4
4
8
10
3
2
6
1
17
34
15
12
36
63
5
2
1
2
17
7
4
1
9
7
2
3
103
23
48
39
3
9
5
6
4
3
2
6
28
39
5
5
2
3
3
3
14
9
6
3
12
10
48
56
13
19
49
48
9
8
2
2
3
1
214
40
1
1
6
5
9
9
95
88
8
12
11
22
5
10
3
4
3
5
141
91
4
3
5
6
4
1
2
3
182
157
6
3
9
18
6
5
6
6
4
5
7
7
6
6
16
13
2
9
5
11
1
2
4
2
5
3
12
42
1
2
2
5
12
7
10
58
2
3
1
2
5
5
17
27
7
9
6
3
1
1
10
16
4
2
4
7
5
14
3
1
4
4
4
3
2
3
9
8
2
4
23
11
4
11
3
2
2
1
6
4
1
3
3
3
3
3
1
3
2
2
1
1
48
7
11
11
2
1
13
10
4
5
1
3
6
4
28
15
1
1
4
2
7
4
10
38
3
3
10
59
11
13
16
67
11
7
1
6
3
3
1
1
55
47
5
17
7
5
43
33
4
3
4
2
3
4
28
6
11
2
9
6
205
51
9
4
3
4
1
4
7
3
4
2
2
1
4
5
3
4
4
1
19
14
9
8
5
1
5
8
3
4
3
7
3
5
3
2
76
156
2
4
3
3
4
4
11
20
2
3
2
6
6
7
13
7
5
7
3
4
1
2
3
4
5
7
4
3
3
3
9
26
3
6
7
7
5
7
9
8
1
2
7
8
1
1
2
2
20
143
22
11
6
2
4
3
5
4
6
14
4
2
5
5
24
13
3
5
2
3
10
13
3
4
3
2
6
17
5
8
8
7
4
5
1
4
9
9
5
2
2
3
11
6
1
2
4
4
6
2
53
25
10
13
4
6
11
7
9
7
12
4
8
28
24
7
4
5
2
2
7
3
15
11
2
16
21
39
1
3
3
2
5
5
1
3
24
30
1
1
2
2
5
2
11
3
9
4
27
30
1
1
4
4
14
9
2
4
5
6
7
6
10
17
42
15
16
10
3
2
5
2
5
8
3
3
22
56
60
71
2
1
17
37
17
13
3
5
5
5
3
1
98
24
1
3
4
3
6
10
5
5
23
31
3
1
5
5
9
4
1
1
3
5
2
2
10
5
4
6
7
9
3
3
1
2
16
20
2
1
14
15
1
3
184
304
262
662
1
4
6
7
8
4
6
8
20
11
1
3
4
2
1
1
9
55
5
5
10
6
4
2
841
70
10
5
1
1
10
10
14
9
7
16
3
7
2
4
2
4
21
17
1
1
7
5
9
26
9
8
15
18
6
1
1
4
1
2
4
3
2
1
34
9
2
2
3
6
3
1
10647
130
1
2
2
1
10
8
7
9
14
16
5
3
4
4
2
1
9
7
9
3
14
11
9
5
19
52
3
1
2
3
10
11
2
4
6
4
8
4
15
19
3
2
2
3
5
3
4
4
2
2
40
32
7
6
2
3
6
8
5
16
2
3
8
4
4
2
1
2
5
5
14
182
16
22
13
6
4
4
62
62
5
4
4
5
2
7
2
2
2
3
15
146
4
1
5
8
2
2
2
3
12
13
2
4
3
5
2
2
5
6
2
6
1002
594
53
160
9
12
3
5
4
4
760
2717
2
2
3
3
6
2
1
4
3
4
16
25
3
3
8
8
6
8
3
4
3
1
8
9
54
28
113
23
4
4
2
2
85
58
8
4
3
2
2
3
4
2
3
4
10
2
6
7
97
84
3
2
1
2
26
36
3
3
1
1
12
12
67
50
5
2
3
1
3
2
13
13
6
5
2
4
3
3
5
4
101
120
6
2
9
11
2
5
2
5
3
1
1
2
3
3
6
6
4
3
2
2
3
2
6
5
5
1
26
134
18
19
19
145
5
5
3
2
5
14
28
10
3
3
3
4
2
1
4
2
1
1
1
1
6
4
4
3
2
3
2
1
1
1
1
1
68
84
2
1
10
6
2
2
1
2
5
6
4
7
4
2
4
4
6
3
11
11
2
2
5
4
2
1
1
1
1
2
1
2
1
3
5
4
3
3
3
1
2
1
1
2
2
2
17
17
10
10
2
2
13
16
7
5
2
7
15
15
2
2
2
3
2
2
3
2
1
1
1
3
2
1
3
3
15
10
1
3
6
4
8
8
3
2
4
6
1
1
2
2
4
4
52
40
1
4
7
3
155
171
3
2
1
2
2
3
7
7
1
3
5
3
2
4
5
8
3
3
2
2
3
3
1
5
1
2
2
2
3
3
2
1
4
3
1
2
1
1
20
36
2
2
2
2
7
7
5
5
1
1
1
1
9
9
4
5
1
4
1
1
1
1
1
5
2
1
3
3
1
1
3
2
6
6
2
3
1
1
2
2
4
4
2
2
3
3
3
2
1
2
3
2
3
2
3
2
5
4
1
1
9
9
1
2
3
2
2
3
2
1
3
3
3
1
1
1
4
10
2
3
2
4
1
1
4
4
1
2
10
7
1
1
10
10
4
4
2
2
1
2
1
1
2
1
1
2
1
2
2
2
9
9
2
1
17
16
1
2
2
1
2
4
1
1
3
4
2
1
1
2
1
1
3
2
3
1
1
2
1
1
1
1
6
6
9
19
76
32
3
3
3
3
2
3
2
2
156
135
4
3
2
1
7
4
4
3
42
42
2
2
1
2
25
28
4
2
3
2
21
86
17
9
8
8
8
3
5
6
3
1
2
6
1
1
23
11
1
3
2
1
1
2
6
6
3
1
91
12
88
2
2
4
4
3
4
3
2
5
5
2
4
6
6
27
33
5
11
3
3
3
3
2
3
2
1
3
5
2
2
4
1
1
3
3
3
3
4
6
8
15
15
5
4
9
16
8
3
1
3
2
1
1
2
4
4
4
4
2
2
6
5
1
3
22
26
2
3
1
2
3
1
1
2
6
7
2
3
2
3
4
3
2
2
4
5
2
1
5
2
3
2
3
10
2
2
4
3
1
2
3
2
5
8
1
2
3
1
1
2
7
6
4
5
48
26
5
7
1
1
14
12
4
2
3
2
2
2
7
8
4
5
12
12
40
676
5
5
4
7
11
10
4
5
23
14
2
3
1
1
5
6
4
2
5
2
5
5
3
3
11
4
4
26
1
2
115
69
5
3
7
2
17
13
4
2
3
3
5
5
13
12
8
4
5
3
3
2
5
5
3
3
1
3
5
4
2
5
4
2
6
2
17
16
3
2
2
2
2
5
55
27
7
8
11
20
59
63
2
4
12
20
30
19
11
9
10
12
2
2
6
6
6
6
12
9
3
2
9
7
2
4
11
10
4
4
10
7
3
3
5
4
2
1
1
1
3
5
17
12
15
9
28
49
17
16
6
3
12
12
6
5
32
60
6
4
3
3
14
164
5
5
13
21
5
4
8
25
4
2
8
16
10
15
29
58
11
3
9
5
11
12
3
3
1
2
2
3
3
4
2
1
3
3
6
6
25
45
2
5
2
2
1
2
9
39
3
6
8
5
9
9
659
237
28
8
3
3
3
2
4
9
8
4
3
6
4
1
8
10
6
6
5
4
42
36
6
61
4
4
6
3
8
10
3
3
4
5
7
4
1
2
3
4
12
22
4
3
12
5
1
2
9
9
3
3
2
2
2
2
2
4
163
376
6
6
146
12
2
2
2
4
4
2
17
15
2
2
4
3
19
3
5
1
6
2
3
4
4
3
3
1
10
10
6
3
2
3
17
26
4
2
2
1
197
87
6
6
3
4
5
4
6
3
1
3
2
7
9
9
2
3
9
5
1
1
9
6
40
79
3
2
2
3
5
3
1
2
27
74
6
9
28
20
6
2
3
2
5
7
4
9
3
6
2
5
1
2
2
1
7
4
10
15
2
1
5
2
12
9
2
3
3
5
4
4
3
4
11
4
1
2
4
3
4
5
26
25
34
11
11
36
3
6
3971
131
2
17
1
2
4
1
14
18
13
13
18
8
7
3
33
10
2
5
20
66
31
25
3
4
1
4
8
10
1
3
47
28
2
3
2
6
1
1
7
16
5
9
4
5
2
4
3
4
4
3
14
30
21
53
61
233
9
9
2
5
7
4
2
3
2
2
8
8
1
1
4
8
5
14
87
4
83
83
11
5
10
5
13
14
5
2
94
195
4
3
17
7
261
3
1
14
15
6
5
3
3
6
12
7
12
4
5
5
4
21
5
3
4
19
44
16
19
38
63
2
4
11
6
2
4
7
5
3
2
2
4
14
4
5
6
1
2
82
48
2
4
3
1
3
2
30
14
162
67
3
2
5
5
2
3
5
4
5
2
192
232
50
26
4
4
5
5
6
11
2
3
3
5
19
18
2
4
33389
20605
1
2
2
5
27
40
9
10
2
2
1
3
7
3
7
8
5
2
8
4
6
5
6
6
11
4
2
1
5
5
3
2
3
2
13
14
2
2
4
4
9
4
2
2
4
7
15
20
21
138
3
1
4
7
9
8
4
4
2
1
10
8
4
5
1076
200
1
4
95
8
6
5
8
7
21
13
11
116
11
8
23
21
2
2
40
123
11
9
2
1
20
8
88
116
26
27
5
4
2
2
7
7
1
6
9
7
53
16
1
2
2
1
1
1
3
7
4
4
6
8
2
3
3
3
26
70
4
1
1
3
8
10
2
4
50
12
11
11
26
12
6
2
8
8
7
7
439
423
3
2
5
6
98
38
4
1
4
4
3
5
3
4
8
9
12
20
8
5
3
2
56
13
2
3
4
2
17
6
54
41
6
15
2
6
4
3
5
4
1
2
7
4
3
2
2
3
43
43
44
19
4
2
11
11
4
6
10
7
3
2
1
2
12
12
3
2
71
37
4
6
2
1
15
13
1
3
3
2
76
15
11
11
5
4
6
5
4
8
10
15
1
2
6
3
4
2
1
11
13
4
4
4
2
9
11
7
4
3
15
5761
30
5
2
320
11
14
7
3
1
4
4
5
6
8
4
1
3
3
2
18
18
4
2
5
5
2
3
6
3
3
1
4
3
21
2
3
8
8
3
3
2
3
5
4
2
15
6
3
11
2
2
3
5
1
4
10
9
3
5
10
10
5
2
12
12
12
12
3
1
3
4
2
3
1
4
8
4
7
22
2
3
2
3
7
18
118
113
8
6
2
2
2
5
3
4
8
8
9
17
37
15
3
7
8
12
2
2
4
5
2
2
3
8
9
13
3
5
4
60
1
1
181
490
4
5
4
13
25
22
8
8
6
40
14
28
4
11
5
7
2
2
9
36
8
19
14
23
6
8
4
18
6
32
5
5
3
16
6
5
3
3
4
8
11
21
5
13
2
9
7
200
5
10
46
46
2
3
4
14
24
19
4
4
14
9
3
7
59
23
6
16
3
3
9
6
3
3
4
6
8
7
18
35
5
6
4
4
3
3
8
28
5
4
19
34
7
8
3
9
34
44
6
1
2
3
38
42
12
21
2
2
2
1
3
3
23
61
4
4
34
53
9
12
3
2
3
3
5
6
3
4
17
18
7
14
2
3
104
15
12
41
7
7
2
2
38
32
3
3
5
5
18
10
6
8
6
2
2
9
26
42
4
8
6
6
2
2
3
2
9
5
80
4
4
13
15
3
4
3
4
22
87
1
1
38
16
2
3
2
3
139
131
2
3
663
4
5
9
10
5
3
3
4
5
3
1
3
11
10
1
5
9
18
3
4
31
30
10
33
27
48
4
3
3
4
4
5
18
28
4
1
6
7
4
1
1
2
2
6
6
6
4
4
1
4
2
2
5
12
11
36
3
6
4
7
4
8
8
4
13
10
2
2
2
1
2
3
7
3
2
3
2
2
2
2
8
4
4
3
4
3
3
3
7
2
6
5
19
16
4
2
2
4
10
9
19
33
7
9
5
11
8
19
16
108
6
8
2
5
17
5
5
2
5
5
4
3
9
6
13
14
3
4
3
7
26
31
6
8
39338
2
3
4
3
27
12
1
4
2
2
7
7
2
3
4
5
1
1
129
129
9
66
8
4
3
3
4
2
2
1
3
3
4
3
86
73
3
3
7
6
53
57
7
2
6
13
5
4
5
10
18
17
4
1
5
2
2
3
67
25
5
5
6
24
2
2
3
4
11
3
5
5
5
5
3
4
16
11
4
5
5
5
15
9
7
5
2
9
5
6
23
9
1
4
1
5
8
17
4
6
9
9
334
19
8
9
4
3
97
55
19
28
1
3
11
6
61
54
5
4
4
6
6
14
3
5
3
2
3
4
2
1
72
30
169
127
27
27
9
9
3
2
4
4
26
66
2
3
3
2
168
102
2
6
6
6
5
3
1479
12
7
4
2
2
8
5
3
10
7
2
1
5
7
24
11
3
5
2
1
5
4
5
6
6
5
3
4
4
4
13
6
3
2
17
24
4
3
2
1
43
26
3
2
2
3
23
5
4
4
8
10
2
3
5
4
3
4
2
4
1
1
2
4
82
71
2
2
9
10
5
3
12
4
3
4
4
4
2
5
8
8
2
4
1
3
2
3
81
46
5
3
8
4
42
68
3
7
4
10
4
3
30
22
171
4
2
5
3
2
2
4
5
2
3
5
2
21
28
9
10
7
7
4
15
28
28
8
6
5
31
2
5
4
1
5
5
2
2
7
7
3
3
2
1
3
2
6
3
2
4
6
6
7
9
4
13
14
45
7
7
3668
142
223
117
5
4
6
26
5
4
2
4
1
2
3
5
6
7
4
2
2
4
2
6
12
13
5
5
8
9
22
61
5
4
27
28
6
10
14
6
4
3
7
3
2
4
4
4
101
84
210
81
12
15
2
4
3
7
2
2
8
10
13
9
19
15
3
2
4
6
8
10
7
7
2
6
4
4
2
3
3
7
6
5
15
13
4
3
4
4
3
2
4
5
32
6
4
4
2
2
1
3
18
6
1932
198
8
5
360
95
3
1
2
3
6
5
3
4
3
3
2
3
9
8
14
20
6
3
2
5
4
1
8
14
10
10
383
512
8
8
4
4
46
16
6
14
9
13
60
65
8
10
4
7
1
2
4
5
4
3
4
5
4
2
8
5
35
15
17
7
1
4
1
2
4
7
3
2
6
2
6
4
3
5
3
1
60
243
3
5
9
8
107
60
28
21
2
3
4
3
26
18
12
16
9
9
5
3
5
2
7
6
209
198
3
4
4
4
3
1
5
2
5
6
5051
194
5
3
3
2
14
19
22
36
6
2
4
5
5
2
2
1
7
16
4
1
1
3
3
3
18
15
1
1
4
5
120
15
1
2
3
4
6
6
15
47
66
48
40
16
6
7
9
10
7
1
17
15
1
2
11
25
16
8
327
506
5
5
22
18
2
2
31
23
5
5
2
1
4
8
2778
2347
5
2
5
3
30
18
1
2
2
1
5
4
3
2
17
10
7
1
2
4
4
1
33
33
4
14
7
14
4
4
13
5
8
27
6
7
9
8
2
1
3
5
4
2
14
25
4
5
110
29
7
2
2
2
12
14
5
1
6328
1802
4
6
2
6
6
6
4
3
25
22
5
6
30226
22548
3
2
9
16
129
10
30
18
9
144
6
12
3
3
6
5
62
269
9
5
41
26
4
2
4
7
16
9
11
20
7
7
2
4
6
4
4
1
4
2
10
4
3
1
6
5
9
18
35
55
6
12
3
3
10
5
1
3
6
4
18
9
82
34
3
5
120
87
1
1
7
13
340
534
3
4
116
30
7
3
5
10
2
2
1
6
99
18
3
3
27
10
2
2
9
12
7
12
1
5
52
32
2
2
8
9
3
3
5
8
7
9
92
19
3
4
4
5
9
3
176
98
5
10
3
5
4
7
145
55
4
2
2
6
8
5
2
3
21
9
5
5
45
777
13
5
15
14
31
93
122
91
6
7
1
8
8
15
22
18
4
3
5
6
4
3
10
11
17
12
29
38
375
214
9
11
3
4
22
5
5
21
7
3
4
4
7
3
5
8
88
61
7
3
9
3
5
5
10
15
7
3
1608
464
16
22
3
4
22
13
9
4
40
8
17
42
3
13
78
13
6
4
3
4
2
11
7
6
1211
374
6
2
4
2
36
14
3
3
317
231
7
12
9
5
15
7
14
24
1
3
4
2
8
4
2
6
17929
8
19
85
450
15
2
2
5
2
1
3
1
3
2
2
2
3
3
1
15
17
2
1
2
2
4
6
2
1
3
3
2
1
1
2
1
2
4
5
1
2
2
1
2
1
1
1
4
1
16
13
15
7
1
2
2
4
2
3
3
2
6
5
1
1
2
2
2
1
5
4
4
2
29
24
2
3
1
2
4
2
1
3
7
6
10
6
1
3
2
1
2
1
3
3
1
2
6
6
3
2
2950
7759
5
5
1
3
1
1
1
1
3
16
1
2
3
1
4
4
1
1
2
2
1
1
2
6
2
3
6
3
1
2
2
2
2
1
1
1
1
1
1
1
3
2
2
2
3
9
1
1
1
4
2
1
1
1
2
1
1
3
6
4
2
2
2
1
3
2
1
1
3
3
12
5
3
1
5
2
1
1
2
4
3
1
1
1
1
1
1
2
1
1
2
1
2
1
2
2
3
3
1
3
2
1
2
1
1
1
4
1
1
2
2
1
3
1
2
1
4
4
3
3
3
1
2
1
2
3
3
1
2
1
1
1
2
3
2
2
3
1
1
2
2
2
4
6
3
3
2
1
4
4
1
2
3
3
1
1
2
2
4
4
4
4
5
4
2
3
3
1
1
2
6
6
1
4
2
1
3
2
2
1
1
2
3
3
1
1
8
7
2
1
1
2
1
5
2
4
2
6
1
2
1
3
2
2
4
10
1
1
1
1
2
1
2
4
5
4
3
1
3
6
2
1
1
2
1
1
4
2
2
1
4
3
3
1
1
1
2
2
6
9
2
2
3
2
10
11
2
2
7
3
3
3
2
3
1
1
2
2
2
2
20
20
4
1
4
2
1
1
28
12
2
5
2
1
2
2
2
1
1
1
5
4
2
1
2
2
2
4
1
1
1
1
3
2
1
2
4
5
2
1
6
10
2
2
2
2
2
2
27
38
4
3
1
1
3
1
4
3
11
11
1
2
2
1
1
2
1
1
1
1
2
2
2
3
1
1
1
1
1
1
2
3
4
2
1
1
2
2
1
2
1
2
1
1
4
3
3
3
1
3
2
2
1
1
5
3
1
1
2
5
1
1
1
1
4
5
3
2
1
2
1
2
1
4
2
2
3
3
2
2
2
2
2
2
1
2
3
2
2
1
1
1
3
3
17
9
2
3
674
66
11
5
3
4
1
2
8
64
2
4
2
3
2
3
5
3
2
2
111
27
6
4
16
13
247
116
7
7
1
5
3
1
9
8
3
4
2
6
24
24
9
9
5
3
10
11
11
11
2
2
4
3
3
1
2
5
2
1
1
1
2
1
2
2
2
1
7
7
1
2
5
5
8
5
10
8
1
1
8
11
1
2
225
13
5
5
29
22
1
2
2
2
10
11
3
1
3
2
3
4
6
6
3
2
9
14
34
11
2
4
4
12
4
2
1
1
3
2
6
5
5
5
4
11
45
42
33
4
6
9
16
5
8
3
6
9
1
3
155
21
10
8
6
6
9
10
2
1
5
3
2
1
6
34
1
3
2
2
7
9
2
3
161
255
194
1039
9
4
4
5
1
3
29
15
7977
3958
3
2
7
7
7
5
39
21
3
1
3
3
31
39
1
4
2
1
1
2
3
2
9
24
7
5
4
2
10
8
10
4
13
3
4
2
2
2
12
6
5
1
6
2
4
4
1
3
1
1
3
2
4
4
15
19
6
10
6
6
6
5
1
1
13
13
1
3
4
1
5
5
2
4
1
2
1
1
2
4
5
9
3
2
1
3
1
2
3
2
1
1
1
2
2
2
45
28
5
5
4
2
1
1
102
207
1
1
2
2
5
4
35
22
2
3
1
1
50
50
2
5
2
1
2
2
4
5
3
4
94
473
5
5
436
448
5
7
2
2
1
1
4
2
2
3
23
66
1
3
2
1
6
8
2
2
1
2
2
2
36
31
2
1
1
5
5
6
8
10
4
10
1
2
6
2
1
4
4
7
1
4
18
20
38
39
2
1
4
4
14
12
5
3
3
6
6
6
2
3
4
4
16
16
4
2
12
5
1
1
3
3
54
38
1
2
4
4
1
2
6
5
4
4
1
2
4
6
3
3
6
5
1
3
2
2
24
3
9
5
3
1
4
2
3
2
1
1
2
2
15
12
261
5
5
2
2
2
2
2
2
5
5
11
11
11
11
1
1
2
2
1
1
6
6
19
19
3
3
61
61
1
1
3
3
11
11
1
1
2
2
4
4
1
1
1
1
2
2
2
2
1
1
38
38
10
10
5
5
2
2
2
2
5
5
5
5
4
4
2
2
4
4
3
3
7
7
2
2
9
9
141
141
9
9
1
1
3
3
5
5
2
2
7
7
7
7
26
26
2
2
10
10
1
1
3
3
2
2
19
19
4
4
5
5
12
12
6
6
2
2
11
11
2
2
359
359
3
3
1
1
2
2
5
5
32
32
25
25
4
4
4
4
1
1
4
4
3
3
2
2
6
6
2
2
2
2
3
3
1
1
5
5
6
6
4
4
29
29
1
1
3
3
62
62
4
4
11
11
7
7
1
1
9
9
3
3
1
1
4
4
2
2
4
4
2
2
3
3
12
12
2
2
1
1
2
2
3
3
5
5
1
1
2
2
2
2
4
4
2
2
17
17
3
3
22
22
1
1
18
18
2
2
9
9
3
3
4
4
2
2
2
2
6
6
36
36
1
1
2
2
3
3
2
2
12
12
2
2
2
2
4
4
7
7
5
5
2
2
2
2
9
9
5
5
8
8
1
1
3
3
10
10
185
185
7
7
1
1
4
4
2
2
9
9
2
2
2
2
2
2
1
1
4
4
1
1
4
4
2
2
11
11
5
5
21
21
321
321
2
2
4
4
2
2
22
22
6
6
5
5
10
10
2
2
3
3
5
5
2
2
9
9
2
2
3
3
3
3
5
5
5
5
2
2
3
3
1
1
2
2
2
2
15
15
7
7
3
3
9
9
4
4
1
1
14
14
3
3
5
5
13
13
9
9
3
3
11
11
6
6
327
327
5
5
4
4
3
3
2
2
2
2
15
15
25
25
1
1
1
1
2
2
2
2
6
6
1
1
5
5
2
2
5
5
2
2
3
3
8
8
4
4
1
1
5
5
2
2
6
6
9
9
6
6
12
12
186
186
3
3
5
5
5
5
2
2
3
3
3
3
46
46
1
1
2
2
19
19
2
2
3
3
13
13
2
2
5
5
9
9
1
1
1
1
12
12
3
3
3
3
3
3
7
7
2
2
1
1
54
54
57
57
4
4
2
2
3
3
1
1
23
23
540
540
4
4
2
2
14
14
4
4
2
2
1
1
1
1
2
2
18
18
4
4
4
4
3
3
1
1
4
4
8
8
7
7
3
3
2
2
5
5
115
115
18
18
2
2
4
4
22
22
7
7
3
3
1
1
2
2
4
4
4
4
2
2
4
4
5
5
1
1
4
4
1
1
1
1
75
75
23
23
1
1
5
5
3
3
76
76
8
8
2
2
1
1
3
3
2
2
2
2
3
3
5
5
2
2
4
4
45
45
4
4
2
2
3
3
5
5
5
5
3
3
1
1
13
13
4
4
3
3
7
7
24
24
1
1
2
2
1
1
1
1
3
3
1
1
2
2
9
9
1
1
22
22
3
3
6
6
54
54
56
56
2
2
10
10
583
583
2
2
4
4
2
2
40
40
2
2
9
9
2
2
3
3
1
1
1
1
141
141
11
11
1
1
3
3
10
10
2
2
7
7
2
2
1
1
5
5
2
2
3
3
12
12
1
1
4
4
7
7
3
3
300
300
2
2
3
3
37
37
15
15
4
4
3
3
3
3
2
2
15
15
2
2
4
4
3
3
2
2
5
5
2
2
2
2
1
1
1
1
87
87
5
5
5
5
14
14
76
76
2
2
4
4
4
4
3
3
8
8
3
3
3
3
5
5
2
2
3
3
2
2
83
83
2
2
2
2
5
5
7
7
15
15
2
2
5
5
3
3
61
61
38
38
12268
12268
5
5
2
2
2
2
1
3
2
3
4
13
17
18
200
55
5
4
516
74
4
4
4
3
2
4
9
23
4
6
47
65
36
29
1
2
5
3
2
4
7
21
5
4
2
2
3
4
2
2
191
212
1
1
33
24
2
1
40
28
8
5
2
4
3
2
1
3
1
1
4
3
1
2
2
1
23
10
2
1
2
2
2
3
1
2
4
1
3
5
1
1
46
62
1
2
3
2
1
1
2
2
3
3
10
16
3
1
2
4
5
6
2
1
3
2
3
4
1
2
2
1
9
10
11
6
35
41
2
2
1
1
5
5
4
4
6
7
3
3
2
2
1
1
1
1
1
2
4
5
2
2
4
5
3
3
5
5
11
10
19
23
7
8
1
1
1
3
2
3
23
18
5
2
9
11
2
2
299
63
170
1040
12
8
3
4
3
5
2
2
3
2
1
2
16
9
3
2
3
3
2
3
2
4
4
3
2
1
3
1
1
2
4
4
2
2
18
15
1
2
19
17
1
4
2
2
1
2
3
4
2
2
4
1
1
1
4
4
1
2
24
2
1
5
5
8
7
3
2
22
16
3
1
2
2
155
92
4
4
2
1
4
4
4
3
1
1
3
3
6
17
2
2
12
9
3
2
9
11
6399
6634
6
15
171
225
2
3
13
16
3
3
3
3
2
3
3
3
9127
17564
1
1
5
4
10
10
4
5
21
32
2
2
34
66
9
9
3
3
3
2
1
1
1
1
5
7
4
5
1
1
5
5
12
172
2
1
1
1
4
6
6
4
1
1
1
1
1
1
1
1
1
1
1
1
1
1
1
1
1
1
1
1
1
1
1
1
1
1
1
1
1
1
1
1
1
1
1
1
1
1
1
1
1
1
1
1
1
1
1
1
1
1
1
1
1
1
1
1
1
1
1
1
1
1
1
1
1
1
1
1
1
1
1
1
1
1
1
1
1
1
1
1
1
1
1
1
1
1
1
1
1
1
1
1
1
1
1
1
1
1
1
1
1
1
1
1
1
1
1
1
1
1
1
1
1
1
1
1
1
1
1
1
1
1
1
1
1
1
1
1
1
1
1
1
1
1
1
1
1
1
1
1
1
1
1
1
1
1
1
1
1
1
1
1
1
1
1
1
1
1
1
1
1
1
1
1
1
1
1
1
1
1
1
1
1
1
1
1
1
1
1
1
1
1
1
1
1
1
1
1
1
1
1
1
1
1
1
1
1
1
1
1
1
1
1
1
1
1
1
1
1
1
1
1
1
1
1
1
1
1
1
1
1
1
1
1
1
1
1
1
1
1
1
1
1
1
1
1
1
1
1
1
1
1
1
1
1
1
1
1
1
1
1
1
1
1
1
1
1
1
1
1
1
1
1
1
1
1
1
1
1
1
1
1
1
1
1
1
1
1
1
1
1
1
1
1
1
1
1
1
1
1
1
1
1
1
1
1
1
1
1
1
