0.06124401092529297
0.003078460693359375
0.01543116569519043
0.010977745056152344
0.0359039306640625
0.008891105651855469
0.024827241897583008
0.2109367847442627
0.006108760833740234
0.01493525505065918
0.009739398956298828
0.0029900074005126953
0.003989696502685547
0.008942842483520508
0.010359048843383789
0.01842975616455078
0.0249330997467041
0.12962031364440918
0.017423391342163086
0.030149459838867188
0.08753347396850586
0.018358707427978516
0.0029578208923339844
0.437807559967041
0.03514409065246582
0.03188657760620117
0.03085160255432129
0.0052835941314697266
0.017183303833007812
0.004283428192138672
0.025699377059936523
0.004006862640380859
0.005986690521240234
0.014003992080688477
0.008212089538574219
0.19646668434143066
1.9701788425445557
0.0479283332824707
0.00733637809753418
0.0031044483184814453
0.12439560890197754
34.07540464401245
0.006970882415771484
0.016860246658325195
0.024933576583862305
0.4571707248687744
0.005714893341064453
0.013834953308105469
0.1286768913269043
0.002991914749145508
1.3939595222473145
1.1074485778808594
28.87177538871765
20.924399852752686
0.7762100696563721
118.9258804321289
20.16214680671692
0.004984617233276367
116.35739970207214
0.017887592315673828
0.0009980201721191406
0.001993417739868164
0.00543975830078125
0.009838342666625977
0.0019989013671875
0.06541275978088379
0.07561516761779785
0.006978511810302734
0.010643720626831055
0.0019960403442382812
0.001440286636352539
0.0028977394104003906
0.008756875991821289
0.010162353515625
0.009974241256713867
0.04090380668640137
0.0074138641357421875
0.01407933235168457
0.004991292953491211
0.005984306335449219
0.02094554901123047
0.0030100345611572266
0.02293872833251953
0.011981010437011719
0.018949270248413086
0.010969877243041992
0.001992940902709961
0.003987789154052734
0.002991914749145508
0.02293848991394043
0.0019948482513427734
0.002989053726196289
0.012964010238647461
0.007978677749633789
0.39594221115112305
1.6594748497009277
0.025831937789916992
0.003963470458984375
0.003977298736572266
0.016955137252807617
21.62615656852722
0.003397226333618164
0.007674694061279297
0.00299072265625
0.3368515968322754
0.0034008026123046875
0.008981466293334961
0.08078241348266602
0.010945558547973633
7.235647201538086
0.006620883941650391
0.011957168579101562
0.06069231033325195
0.144791841506958
1.8491771221160889
0.1756596565246582
0.07811594009399414
0.002811908721923828
0.009988784790039062
0.009148359298706055
0.03314709663391113
0.007546186447143555
0.02264857292175293
0.20972156524658203
0.0067479610443115234
0.014772176742553711
0.007050752639770508
0.002991914749145508
0.0037627220153808594
0.008449077606201172
0.02154374122619629
0.01575303077697754
0.029890775680541992
0.1187131404876709
0.017927885055541992
0.023911237716674805
0.08873558044433594
0.01858830451965332
0.0032625198364257812
0.39501070976257324
0.033818721771240234
0.029919862747192383
0.036635637283325195
0.003989696502685547
0.016956090927124023
0.0029916763305664062
0.024923086166381836
0.005983829498291016
0.002965688705444336
0.013966798782348633
0.0073926448822021484
0.18837571144104004
2.0396625995635986
0.03990674018859863
0.005727291107177734
0.004998445510864258
0.12272357940673828
31.55791163444519
0.0039577484130859375
0.008974075317382812
0.011059045791625977
0.45001220703125
0.0054967403411865234
0.01306009292602539
0.10472798347473145
0.0019290447235107422
0.01719498634338379
0.0009953975677490234
0.001997232437133789
0.0030167102813720703
0.00895237922668457
0.0019996166229248047
0.06212925910949707
0.08254241943359375
0.0028755664825439453
0.008653879165649414
0.0019943714141845703
0.0013363361358642578
0.003013134002685547
0.006991863250732422
0.004637479782104492
0.007589817047119141
0.04312300682067871
0.004990100860595703
0.008990287780761719
0.005021810531616211
0.0039556026458740234
0.0209500789642334
0.003017902374267578
0.023906707763671875
0.00698089599609375
0.020036697387695312
0.012263298034667969
0.0010831356048583984
0.0021729469299316406
0.0011970996856689453
0.0781252384185791
0.0025174617767333984
0.0015947818756103516
0.012182474136352539
0.003931283950805664
0.40790724754333496
1.50895357131958
0.023242712020874023
0.0030264854431152344
0.005020618438720703
0.020598888397216797
21.099322080612183
0.0039784908294677734
0.00428318977355957
0.007071495056152344
0.3209543228149414
0.0011134147644042969
0.003592252731323242
0.07679557800292969
0.0049860477447509766
0.022907018661499023
0.002961874008178711
0.004986286163330078
0.003976345062255859
0.009999752044677734
0.0049610137939453125
0.049834489822387695
0.08514714241027832
0.0014247894287109375
0.004257917404174805
0.007406473159790039
0.0011153221130371094
0.001993894577026367
0.006984710693359375
0.006979942321777344
0.007296085357666016
0.01894974708557129
0.013312339782714844
0.007258176803588867
0.008011341094970703
0.02191758155822754
0.008942127227783203
0.0009729862213134766
0.04353809356689453
0.012212276458740234
0.0065572261810302734
0.0077092647552490234
0.0025076866149902344
0.003995418548583984
0.001995086669921875
0.019952774047851562
0.00099945068359375
0.0029926300048828125
0.005963325500488281
0.0029990673065185547
0.23834443092346191
0.8397433757781982
0.019042015075683594
0.010936260223388672
0.003911495208740234
0.02621746063232422
30.131441116333008
0.0047643184661865234
0.010538339614868164
0.003659963607788086
0.11159944534301758
0.0021347999572753906
0.001596689224243164
0.030043840408325195
0.000997781753540039
0.433840274810791
0.028839111328125
0.0029888153076171875
0.004987001419067383
0.005971670150756836
0.009969949722290039
0.0020227432250976562
0.05383467674255371
0.09773540496826172
0.0029897689819335938
0.008974552154541016
0.005982637405395508
0.0019915103912353516
0.0019714832305908203
0.020776748657226562
0.014990568161010742
0.003011465072631836
0.026895999908447266
0.0179440975189209
0.011968851089477539
0.0169827938079834
0.023966550827026367
0.011965751647949219
0.003025054931640625
0.04887819290161133
0.013907670974731445
0.0069849491119384766
0.012939453125
0.0069904327392578125
0.004983186721801758
0.0020279884338378906
0.034889936447143555
0.00196075439453125
0.003025531768798828
0.008976936340332031
0.0032896995544433594
0.3243083953857422
0.9910564422607422
0.035906314849853516
0.004987955093383789
0.0070073604583740234
0.04488086700439453
35.304537534713745
0.005013942718505859
0.008150577545166016
0.003976583480834961
0.15359115600585938
0.002993345260620117
0.0019943714141845703
0.035880327224731445
0.004998207092285156
0.082794189453125
0.005983591079711914
0.01801323890686035
0.013621807098388672
0.04364657402038574
0.012929201126098633
0.04106402397155762
0.270068883895874
0.006983518600463867
0.018496036529541016
0.013988733291625977
0.0019948482513427734
0.004988908767700195
0.01096200942993164
0.016956090927124023
0.017942190170288086
0.042856454849243164
0.16556143760681152
0.02391815185546875
0.03325796127319336
0.13299322128295898
0.022938013076782227
0.002994060516357422
0.5914185047149658
0.05186176300048828
0.0538334846496582
0.21138525009155273
0.015958309173583984
0.07679486274719238
0.015956878662109375
0.07381081581115723
0.044553518295288086
0.025932788848876953
0.04387617111206055
0.021947383880615234
0.27227091789245605
2.618574619293213
0.06833744049072266
0.012946605682373047
0.013342618942260742
0.12363624572753906
40.789902448654175
0.014968156814575195
0.011968851089477539
0.015959501266479492
0.5893080234527588
0.008980035781860352
0.016927480697631836
0.14137721061706543
0.003989458084106445
0.03302621841430664
0.011721611022949219
0.005008697509765625
0.005982637405395508
0.025307893753051758
0.0029866695404052734
0.06279873847961426
0.10669088363647461
0.0015742778778076172
0.005983591079711914
0.005984067916870117
0.0009970664978027344
0.0019948482513427734
0.010966062545776367
0.010962724685668945
0.0059108734130859375
0.029918432235717773
0.013900041580200195
0.013960838317871094
0.009939908981323242
0.03393983840942383
0.011945724487304688
0.0019936561584472656
0.05286145210266113
0.012966156005859375
0.012986183166503906
0.007988452911376953
0.005012035369873047
0.005984783172607422
0.0020215511322021484
0.03094196319580078
0.0010297298431396484
0.0019626617431640625
0.0109710693359375
0.008946895599365234
0.33907485008239746
1.0319187641143799
0.028920650482177734
0.007972955703735352
0.002986431121826172
0.05582118034362793
35.443466901779175
0.0046558380126953125
0.007978439331054688
0.003989458084106445
0.13065123558044434
0.002978086471557617
0.0019881725311279297
0.0379023551940918
0.0019931793212890625
0.019165754318237305
0.006985187530517578
0.0049877166748046875
0.003988981246948242
0.011400222778320312
0.001958608627319336
0.09663581848144531
0.11768341064453125
0.00398707389831543
0.01397252082824707
0.0009648799896240234
0.000997781753540039
0.002992868423461914
0.010981559753417969
0.013937950134277344
0.006981849670410156
0.05584096908569336
0.006980180740356445
0.04385209083557129
0.007951498031616211
0.003019094467163086
0.031202077865600586
0.001969575881958008
0.02989959716796875
0.01296687126159668
0.019517183303833008
0.016985177993774414
0.0069768428802490234
0.004953622817993164
0.0010004043579101562
0.040872812271118164
0.005980491638183594
0.0019905567169189453
0.017935991287231445
0.00998377799987793
0.4807114601135254
1.9353234767913818
0.03184366226196289
0.0069696903228759766
0.0059430599212646484
0.022928714752197266
24.341102361679077
0.0019919872283935547
0.004987478256225586
0.005805015563964844
0.40849971771240234
0.0020198822021484375
0.006005287170410156
0.07377743721008301
0.006978273391723633
0.08078336715698242
0.005999565124511719
0.01196599006652832
0.016945362091064453
0.05247044563293457
0.010973691940307617
0.03088665008544922
0.2745356559753418
0.006869077682495117
0.01695871353149414
0.013816118240356445
0.007978677749633789
0.004021167755126953
0.01143956184387207
0.023927688598632812
0.020244121551513672
0.04583287239074707
0.18251347541809082
0.021942853927612305
0.0468754768371582
0.14162111282348633
0.028923749923706055
0.001993894577026367
0.943246603012085
0.09874200820922852
0.06661128997802734
0.07575011253356934
0.008970975875854492
0.021947860717773438
0.006974458694458008
0.025923490524291992
0.006996870040893555
0.005987405776977539
0.09062385559082031
0.033913612365722656
0.3192605972290039
3.2329914569854736
0.11652636528015137
0.005983591079711914
0.008980274200439453
0.1570887565612793
42.436484813690186
0.007965564727783203
0.01797318458557129
0.011999845504760742
0.5914170742034912
0.008779525756835938
0.014960527420043945
0.13570427894592285
0.013927698135375977
1.67569899559021
0.03193330764770508
0.0029921531677246094
0.0039904117584228516
0.011969804763793945
0.010971307754516602
0.0029921531677246094
0.04587388038635254
0.10092616081237793
0.001995086669921875
0.006020307540893555
0.007188320159912109
0.0019922256469726562
0.0029916763305664062
0.010975837707519531
0.013959884643554688
0.004967689514160156
0.024930953979492188
0.018595218658447266
0.012973546981811523
0.016952037811279297
0.04088997840881348
0.01894545555114746
0.0029926300048828125
0.060853004455566406
0.017949819564819336
0.011966466903686523
0.01297903060913086
0.003990650177001953
0.005981922149658203
0.006978034973144531
0.024929285049438477
0.0039882659912109375
0.0049610137939453125
0.011957406997680664
0.003988742828369141
0.28327250480651855
0.9513006210327148
0.021921157836914062
0.006805896759033203
0.002991914749145508
0.03488612174987793
31.50796413421631
0.006408214569091797
0.007980108261108398
0.005983829498291016
0.1107029914855957
0.0030088424682617188
0.0029909610748291016
0.029858827590942383
0.003765106201171875
0.07679533958435059
0.003047943115234375
0.014963150024414062
0.011054754257202148
0.03886818885803223
0.010002613067626953
0.02565765380859375
0.23162293434143066
0.00797891616821289
0.018949270248413086
0.009454965591430664
0.002935647964477539
0.005930423736572266
0.011003732681274414
0.012949705123901367
0.018948078155517578
0.03391098976135254
0.14458775520324707
0.022939443588256836
0.03889632225036621
0.11668729782104492
0.02052783966064453
0.0029909610748291016
0.5145294666290283
0.039961814880371094
0.0359039306640625
0.03228139877319336
0.004120588302612305
0.018487930297851562
0.0049860477447509766
0.02989482879638672
0.008434772491455078
0.004987001419067383
0.01894831657409668
0.007988691329956055
0.2413649559020996
2.4631056785583496
0.09226775169372559
0.006981611251831055
0.0059833526611328125
0.10871100425720215
33.994081020355225
0.004019498825073242
0.01144862174987793
0.01100301742553711
0.5402765274047852
0.0072154998779296875
0.015069246292114258
0.11967968940734863
0.0019958019256591797
0.016646862030029297
0.0009970664978027344
0.005708932876586914
0.004967927932739258
0.01097869873046875
0.001995086669921875
0.07280993461608887
0.08178067207336426
0.0032672882080078125
0.013967514038085938
0.002032041549682617
0.0019931793212890625
0.0019707679748535156
0.01497960090637207
0.005712032318115234
0.008360624313354492
0.04381704330444336
0.005984306335449219
0.009109973907470703
0.005991935729980469
0.0059833526611328125
0.017843008041381836
0.0029921531677246094
0.03162717819213867
0.010939359664916992
0.025324106216430664
0.00996708869934082
0.0011816024780273438
0.0019881725311279297
0.0006136894226074219
0.025011062622070312
0.0019609928131103516
0.0019931793212890625
0.012995481491088867
0.004133939743041992
0.4015629291534424
1.5888631343841553
0.02889537811279297
0.004025936126708984
0.004309892654418945
0.01786017417907715
20.498812913894653
0.002023935317993164
0.004159450531005859
0.0026960372924804688
0.3043804168701172
0.000997304916381836
0.004725933074951172
0.06480026245117188
0.006820201873779297
0.003071308135986328
0.003007173538208008
0.0010020732879638672
0.0010023117065429688
0.002005338668823242
0.002005338668823242
0.00902414321899414
0.018046855926513672
0.2717123031616211
0.2446451187133789
0.01604294776916504
3.1642863750457764
0.009022951126098633
0.0020051002502441406
0.010024785995483398
0.010026216506958008
0.009024381637573242
0.01002645492553711
0.010026693344116211
0.009023189544677734
0.010026693344116211
0.012032508850097656
0.01303553581237793
0.007018566131591797
0.005014657974243164
0.007693052291870117
0.0
0.0010018348693847656
0.0014750957489013672
0.004151821136474609
0.0
0.032533884048461914
0.040146827697753906
0.001989603042602539
0.004009246826171875
0.0010030269622802734
0.0
0.0010025501251220703
0.002292156219482422
0.002023935317993164
0.0034766197204589844
0.019585132598876953
0.003007173538208008
0.0040111541748046875
0.0020046234130859375
0.0020051002502441406
0.008020877838134766
0.0010025501251220703
0.012316226959228516
0.003007650375366211
0.009521722793579102
0.0042302608489990234
0.0
0.001043081283569336
0.0
0.01202082633972168
0.0010027885437011719
0.0010023117065429688
0.006356477737426758
0.002002239227294922
0.19809317588806152
0.8012187480926514
0.01203155517578125
0.0010025501251220703
0.0010025501251220703
0.008020639419555664
10.134199142456055
0.0010023117065429688
0.002006053924560547
0.0010027885437011719
0.14761042594909668
0.0
0.0010020732879638672
0.02844095230102539
0.0030057430267333984
0.009020090103149414
0.0
0.003459453582763672
0.002000570297241211
0.008316993713378906
0.0
0.00812220573425293
0.07979822158813477
0.0010001659393310547
0.0030002593994140625
0.00403141975402832
0.0010025501251220703
0.0020051002502441406
0.0030088424682617188
0.0022056102752685547
0.0020012855529785156
0.027252674102783203
0.0243685245513916
0.003184080123901367
0.010251045227050781
0.004019260406494141
0.003007650375366211
0.0
0.10157537460327148
0.0050013065338134766
0.006776571273803711
0.006610393524169922
0.0010013580322265625
0.0030074119567871094
0.0010008811950683594
0.0030014514923095703
0.0
0.0
0.0030579566955566406
0.0010025501251220703
0.11988568305969238
0.19036507606506348
0.015796899795532227
0.001001596450805664
0.0
0.017138004302978516
21.151511192321777
0.002097606658935547
0.0030083656311035156
0.0019898414611816406
0.15714263916015625
0.0012059211730957031
0.0010023117065429688
0.028757333755493164
0.0
0.007515907287597656
0.0010938644409179688
0.0010046958923339844
0.0010044574737548828
0.004109621047973633
0.0
0.03224325180053711
0.040285587310791016
0.0017902851104736328
0.0049169063568115234
0.0
0.0003123283386230469
0.0010025501251220703
0.003007650375366211
0.0020101070404052734
0.004374027252197266
0.018958568572998047
0.0030498504638671875
0.004073619842529297
0.003288745880126953
0.001665353775024414
0.009020805358886719
0.0003027915954589844
0.010339975357055664
0.004162311553955078
0.00923919677734375
0.0050313472747802734
0.0
0.001009225845336914
0.0010020732879638672
0.01165628433227539
0.0010175704956054688
0.0
0.0070171356201171875
0.003546476364135742
0.20554184913635254
0.8135135173797607
0.012254714965820312
0.0010006427764892578
0.0010042190551757812
0.00881814956665039
10.004849672317505
0.0010020732879638672
0.0020122528076171875
0.001001596450805664
0.14493989944458008
0.0010213851928710938
0.0017163753509521484
0.029040098190307617
0.002627134323120117
0.00845646858215332
0.0
0.0010132789611816406
0.0010044574737548828
0.004098415374755859
0.0
0.032392263412475586
0.039856910705566406
0.0020051002502441406
0.005034685134887695
0.0016443729400634766
0.00099945068359375
0.0010025501251220703
0.0024912357330322266
0.0020360946655273438
0.003055095672607422
0.019627809524536133
0.003015279769897461
0.00500941276550293
0.002032756805419922
0.002035856246948242
0.009023189544677734
0.0012469291687011719
0.011229753494262695
0.004051923751831055
0.010288238525390625
0.005160331726074219
0.0010309219360351562
0.0010020732879638672
0.0
0.013386011123657227
0.0005395412445068359
0.0010018348693847656
0.007227182388305664
0.0027358531951904297
0.20476984977722168
0.8225009441375732
0.012411355972290039
0.002029895782470703
0.0023679733276367188
0.008186578750610352
10.246976852416992
0.0010242462158203125
0.0020055770874023438
0.0010025501251220703
0.14986801147460938
0.0
0.0020046234130859375
0.029171466827392578
0.0020246505737304688
0.008146524429321289
0.001024007797241211
0.0010197162628173828
0.0010242462158203125
0.0034859180450439453
0.0010862350463867188
0.03219008445739746
0.04193305969238281
0.002005338668823242
0.004033803939819336
0.0010051727294921875
0.0
0.0010008811950683594
0.003287076950073242
0.0020041465759277344
0.0038003921508789062
0.01935553550720215
0.0020253658294677734
0.004007101058959961
0.0017595291137695312
0.002267599105834961
0.00879359245300293
0.001561880111694336
0.010772466659545898
0.004048347473144531
0.009795904159545898
0.004649162292480469
0.0
0.0010924339294433594
0.001058816909790039
0.011178255081176758
0.001001119613647461
0.0
0.007166624069213867
0.0013506412506103516
0.1969926357269287
0.8258750438690186
0.011127233505249023
0.002022981643676758
0.001013040542602539
0.008196353912353516
9.849878549575806
0.001004934310913086
0.002153635025024414
0.001001596450805664
0.14234089851379395
0.0010099411010742188
0.0020117759704589844
0.02909994125366211
0.003095388412475586
0.010940074920654297
0.0012347698211669922
0.002087116241455078
0.002239704132080078
0.004423618316650391
0.0009999275207519531
0.020592212677001953
0.0433354377746582
0.0
0.002004384994506836
0.004097700119018555
0.0
0.0010020732879638672
0.0030040740966796875
0.005027055740356445
0.001001119613647461
0.010026931762695312
0.006098747253417969
0.004191160202026367
0.004008293151855469
0.011289119720458984
0.004004716873168945
0.0
0.020275592803955078
0.0060155391693115234
0.003064393997192383
0.003007650375366211
0.001001596450805664
0.0022351741790771484
0.0010561943054199219
0.010026931762695312
0.0
0.0010178089141845703
0.0030019283294677734
0.0010025501251220703
0.13079309463500977
0.42709922790527344
0.010363578796386719
0.0010023117065429688
0.0010025501251220703
0.014458417892456055
14.410188436508179
0.0020055770874023438
0.004010915756225586
0.0010020732879638672
0.052321434020996094
0.0010027885437011719
0.0
0.013341426849365234
0.0
